4294967278,41
4294967278,38
4294967278,37
4294967278,36
4294967278,32
4294967278,31
4294967278,26
4294967278,20
4294967278,19
4294967278,18
4294967278,17
4294967278,16
4294967278,14
4294967278,13
4294967278,12
4294967278,8
4294967278,7
4294967278,6
4294967294,1424
4294967279,454
4294967278,363
4294967278,364
4294967279,431
4294967279,250
4294967278,250
4294967279,249
4294967294,1422
4294967278,248
4294967279,430
4294967278,245
4294967278,247
4294967279,247
4294967278,240
4294967279,240
4294967278,238
4294967279,238
4294967278,388
4294967279,428
4294967279,239
4294967278,361
4294967278,232
4294967279,232
4294967278,230
4294967294,115
4294967279,230
4294967278,229
4294967279,227
4294967279,229
4294967278,227
4294967279,222
4294967278,220
4294967279,220
4294967278,218
4294967279,219
4294967278,215
4294967278,217
4294967279,217
4294967279,214
4294967278,212
4294967279,213
4294967278,211
4294967279,427
4294967278,359
4294967278,360
4294967279,425
4294967278,207
4294967279,208
4294967278,206
4294967279,207
4294967279,422
4294967278,358
4294967294,1418
4294967278,202
4294967279,203
4294967278,201
4294967294,1423
4294967279,202
4294967278,357
4294967279,420
4294967279,421
4294967278,355
4294967279,198
4294967278,196
4294967279,197
4294967278,195
4294967278,61
4294967278,60
4294967278,59
4294967278,58
4294967278,57
4294967278,56
4294967278,55
4294967278,54
4294967278,53
4294967278,52
4294967278,51
4294967278,50
4294967278,49
4294967278,48
4294967278,47
4294967278,46
4294967278,45
4294967278,44
4294967278,43
4294967278,42
4294967278,15
4294967278,11
4294967278,10
4294967278,9
4294967279,84
4294967279,79
4294967279,75
4294967279,73
4294967279,72
4294967279,69
4294967279,65
4294967279,64
4294967279,62
4294967279,60
4294967279,59
4294967279,57
4294967279,55
4294967279,54
4294967279,53
4294967279,51
4294967279,49
4294967279,48
4294967279,46
4294967279,45
4294967279,44
4294967279,43
4294967279,42
4294967279,41
4294967279,33
4294967279,28
4294967279,22
4294967279,21
4294967279,17
4294967279,16
4294967279,15
4294967279,12
4294967279,82
4294967279,453
4294967278,352
4294967278,353
4294967279,81
4294967279,419
4294967279,387
4294967278,378
4294967279,193
4294967278,191
4294967279,192
4294967294,1425
4294967278,190
4294967279,418
4294967278,350
4294967278,351
4294967279,76
4294967279,416
4294967278,186
4294967279,187
4294967294,990
4294967294,460
4294967294,405
4294967294,402
4294967294,109
4294967278,185
4294967279,186
4294967278,386
4294967279,413
4294967279,414
4294967278,349
4294967278,181
4294967279,182
4294967278,180
4294967279,181
4294967278,309
4294967279,412
4294967279,316
4294967278,347
4294967279,177
4294967278,175
4294967279,176
4294967278,173
4294967279,452
4294967278,343
4294967278,344
4294967279,411
4294967279,171
4294967278,169
4294967279,170
4294967278,168
4294967279,409
4294967278,341
4294967278,342
4294967279,407
4294967278,164
4294967279,165
4294967278,163
4294967279,164
4294967278,385
4294967279,404
4294967279,31
4294967279,30
4294967279,405
4294967278,340
4294967278,301
4294967279,444
4294967278,159
4294967279,160
4294967278,158
4294967279,159
4294967278,339
4294967279,403
4294967279,157
4294967278,337
4294967279,154
4294967278,153
4294967279,153
4294967278,152
4294967279,40
4294967279,451
4294967278,334
4294967278,335
4294967279,402
4294967279,149
4294967278,148
4294967279,148
4294967278,147
4294967279,35
4294967279,401
4294967278,297
4294967278,332
4294967279,400
4294967278,143
4294967279,143
4294967278,142
4294967279,142
4294967278,293
4294967294,89
4294967279,399
4294967279,29
4294967279,299
4294967278,330
4294967279,25
4294967278,138
4294967279,279
4294967278,276
4294967279,137
4294967278,292
4294967279,276
4294967279,277
4294967278,275
4294967279,294
4294967278,272
4294967279,293
4294967278,271
3,4
4294967279,19
4294967279,292
4294967278,291
4294967278,290
4294967279,296
4294967279,271
4294967278,282
4294967279,270
4294967278,266
4294967279,14
4294967279,288
4294967278,285
4294967278,281
4294967279,268
4294967278,263
4294967279,265
4294967294,392
4294967294,46
4294967294,114
4294967294,120
4294967278,278
4294967279,264
4294967278,287
4294967279,439
4294967279,285
4294967278,390
4294967294,61
4294967294,1032
4294967294,1030
4294967294,1029
4294967294,1028
4294967294,1027
4294967294,1026
4294967294,1024
4294967294,987
4294967294,986
4294967294,985
4294967294,984
4294967294,983
4294967294,982
4294967294,980
4294967294,979
4294967294,978
4294967294,977
4294967294,976
4294967294,972
4294967294,970
4294967294,969
4294967294,438
4294967294,401
4294967294,176
4294967294,387
4294967294,162
4294967294,161
4294967294,11
4294967278,257
4294967279,259
4294967294,441
